1815351588
644622899
1740138998
1409964253
1307739288
-982761705
-1924116086
1618613089
-1428974260
-887762885
-1824192418
158585893
-1787529408
-535002721
-1576148366
478076713
114007668
792475459
101544902
898938989
958185192
1000150311
-358248358
925180913
1479330972
-1955102901
1552632878
-530963019
985004944
1257773487
1734015810
1167851961
421248964
1264830547
1651257750
794115069
1969147192
41660215
-1058684118
-1560897407
-1471080468
1847669339
-116276226
440081221
-938880032
3798463
1458669586
749471817
-610700012
-153887389
-837704858
-1352342643
-1879199864
-997651129
513665530
-1894289135
-497715396
1831070059
-508203058
-397429547
1934950448
-92072497
1358858466
569897689
2012855908
1841133171
-579155658
236760861
2071881176
-796512425
-375716662
1425059233
1720642188
1255187579
982732702
-1374621083
2143060096
1622440415
-185664078
-1408712343
1496423348
-1131310205
946119430
504733357
-542773208
695473511
-1360391270
1277906481
-23957028
-1581751413
-1559731346
-1858612235
-1918544688
-1779490321
1903158914
396850169
2071334148
-805227373
1774989526
-1138183619
1769557624
-1768702089
1926764138
1521504961
758451500
-190044517
95529790
163404165
-357270240
1234439679
1416512338
131926665
-1136913836
-2063771229
-1343327578
1601104333
457015496
-1285149305
-2131620550
-2069316783
2123086972
-1094914645
1751918350
1910145813
-506529424
-2025570801
1528239138
99779865
708357028
-1195965773
-867669898
-1455340195
-1669888232
-5480553
1006958602
2088601569
-672432180
-2093238085
-1135290658
-1777839963
186239424
-958352865
1104632050
292610985
1432410356
1486827459
-745074106
-180828947
-1980997272
-278440537
-300034342
852998257
-941009124
-575043637
-1379353938
1157612085
-1678119408
-58037713
-1805905470
807478841
-1628857788
1919344851
-36212714
-382834563
-979300424
-86503497
-1735808598
1721781505
-698727828
-1845011749
1952764542
-541468731
-1223399840
-1465752001
2106736274
-32748343
-1991774316
1140790755
1984332262
87765005
-958754296
-1367372345
-1009422214
889210257
-732741188
-1674169877
-1559880114
-378564267
-1135725904
-406215089
-1750671518
1031493465
137418980
1268305651
727795638
867703709
-367138728
-1155608617
1338911562
-1453284831
740906252
1083641083
-137781730
-1751519515
-1731439872
-2099172769
-1140394958
1727481321
-795257292
1470434307
-1629175418
1497246509
-1053814104
95868391
1132517914
1298817713
829520988
465234955
739004910
1643245685
385075024
-16125329
-748716798
961091705
-1464440956
-1764438765
-1244795050
-458858819
1662390520
-1215782921
-1657111318
-1190754495
1895872428
846384923
-999605826
-1838115323
778669984
-1381695873
-1516406318
1232719625
-1208152876
-1474751965
-2007379674
1594472013
-1139481784
1310010887
579343290
576589777
15468284
30389803
-524069490
-716251243
1410509808
-1135391089
-1444025694
-1831704167
-685619676
-1432167629
839214838
-71224867
-575567464
-1424130025
808885898
-304481183
-796366260
-1893555909
204580190
-922366683
-904651712
1156965023
-692203662
115075113
-535096460
1306732611
-1584549690
677761389
1320223720
614635047
-1974264486
1042500849
-127213156
2013040715
219359534
-1907466571
-271392624
1571666607
1908025410
492784313
-31689532
-510985901
1760538262
483431677
1528320568
-1796902857
740986922
-2078080639
174615788
36602715
-1257971458
1478595653
-1846282016
685495999
-540019438
1684377929
-40146412
1703628387
-1922539418
1796897933
1680635016
1785138759
407500538
251795985
1637223484
734624363
-1327248178
-71799339
979133744
-450808113
1965831650
272088025
-1672678556
-1709889677
1467270710
-1885566947
812804824
-1209503657
679367114
-1674996063
1917370252
-1155631749
1489824926
-2138313883
-2144262784
-44115233
1161554610
-1956722071
-651816780
261719171
584179718
-2131773523
1001338152
1147836007
-573267814
-415074511
437618396
1321104523
-2145566610
-1336603403
1473722832
414565103
-223603838
111394041
1146864132
919168403
779922902
1072499517
115856248
-1691451273
815391594
976600001
-271490516
1836742555
1165084734
-1492331899
1660133920
713486079
2137632850
152015753
1331890004
1888864931
1823616934
1739424461
1751205320
464858759
1616583226
-47422383
-1819192964
-1771864405
-492338162
1659649045
1080778352
-2106368241
480362786
-1356263
-1661935452
506442675
1391420790
-1115021731
-610235368
163553431
-1008384758
1183805665
-22391604
1355450811
2094756830
1416382885
-597463360
-597945569
-87996942
-826282839
1358581236
-1324867389
-1443803322
-1055138323
-781539736
-1655777625
-1723505702
1795678577
-743347172
1010866379
-194340946
-297403595
-1069493488
1885473583
427114178
1599500089
1622429508
-1160769069
1572138262
1010549117
-3894088
312725687
-708282710
-1921075711
-1367632020
546745307
-1259212930
896684229
1655212896
48645951
397061010
834131401
-493624172
-42432797
1299660518
-754792179
-1309452536
-1170239801
-168067718
790425233
1948112572
-35798293
-2058454194
1361726037
2004850608
-192297137
59673698
-332586919
1582173668
2066907123
464864438
-1815481187
410774872
149098711
-844400566
-1085568223
-1561515508
476503547
1469922078
451340261
1072363520
1378716511
713941298
-348172567
483904308
-2039546621
-30671226
-2027273171
-1725737048
-1483778329
1474651930
733186993
-1568763556
482540811
423309038
-1369364107
-632312752
-453864593
-380261886
-776511111
2019957892
-773915117
-1915196330
1073526717
518952440
-2088410889
-2030679574
1883107393
329714860
130228251
-2100996418
-107868411
-1840073568
1111089023
2077419218
413030409
745406932
-2139913437
-1762161114
1801080653
1780656200
-565825785
342565050
655603921
544971772
1584940843
-401034610
1286772885
819532016
-609980529
-852322398
-1623379303
-1515947228
895323187
-385457162
1620839133
1615105688
1569898775
1360063370
413001057
-867090612
708014651
139608670
-365181403
1275576640
252920735
1205976178
991752489
1375635572
604903747
650243526
-1319441811
1545160936
460068647
-185292198
-880445967
1136457372
210084171
-573635026
-1763272779
-1757166192
916937647
-1517464254
1208390585
-256824892
540420691
-1775817834
-1183846915
2108020536
-1240256201
-278700758
347302529
747880940
1329583195
1848376830
699141445
858922464
-1195264065
-1088265710
939727433
-500080876
-1379483805
-260891290
787748237
-97568376
1611206471
921306106
-1487879407
-169172676
-193787029
-1706677810
465905365
-38286800
402872271
1556996834
593200345
2016684132
284219507
841138998
-1304403683
1815769048
-267472553
-1722442038
-1530495071
672568460
-965720453
-298153570
413852773
-503723392
55393247
100456370
1486410601
1169065396
1579513219
1794317574
1575866541
596408872
-249227417
-1951191654
750624817
-1263756324
1741194635
1902517614
-1911142923
677191376
1707107311
-782483326
-326892039
1859483396
-1978296685
-1914623274
1456825405
1965709432
-1299365513
-95440790
-316726079
1182906156
1665976475
1986389310
1006652293
-964245728
1992151039
886644050
1244011657
-115475372
2041723811
1093266598
1544559565
190384840
1472737159
414721850
-1307308719
-1851070852
1007554475
1796661518
-996018923
-1352940688
-907640817
-710906334
-1027074279
456988068
304899251
-1370856842
1459025757
899518744
-392765033
834245130
-167421471
-1552078388
2103270075
-1466560290
1014252197
587273152
1595634719
1478439666
502461865
-1926774028
1224020419
1375702086
-350030099
951905128
1627019175
2002841818
1906051697
848134428
-892622389
1128297646
-1171246027
-19154928
-1300386769
805465026
695187513
-669842364
868041427
-867800554
107813501
-1631839816
-1053584969
-755285078
-1413406975
-290395028
-265683749
-625800066
-422655547
227586144
-865195969
1882658962
1229414089
-1502357100
410384355
-1336149018
1894670861
-2032133112
499355591
-1256879494
-1986160751
-788763716
-242658325
1774901326
-1920400555
1459944624
1368254543
-1695925918
130214233
335495908
2102407411
1421689270
1560268189
-173149608
-1351921193
-444807862
-560303071
1808072460
456830715
379901982
735568101
1885183232
-1833046945
1904791090
-1519691799
-39174092
951905795
-1557709946
-147170003
619355304
-483665945
1396569114
-60771151
983541340
298782219
43912174
-2123079051
-872443568
-1658899345
-994060542
-1458984327
1370083716
-2123550957
-392763050
-159969091
-744809736
1782981111
-458877206
1121540417
-228499028
-501780197
441676734
542607365
160422304
1242742911
1148998610
1873207561
1601369812
-28183517
-1521923290
734980173
-1778094776
1245392903
1195519418
-1339203119
-786484996
287627307
-442364018
-54898283
1173583344
1329172623
1340818594
-1131676775
666546212
-694403789
1555783926
312140765
632001432
-322174441
-1075890038
1892011617
-298970036
-1404550341
1470553950
-48906459
1800365632
1316267167
-981882510
1229060649
-1401553548
-1044575677
1705650886
1618215789
-1319793176
804886567
-91605158
1867226865
-1977414756
1494397515
-1631657170
-1977429835
-2130138480
-437977937
-757824958
1435622585
1088020164
392518483
-1173182314
-1791801603
755457080
1980035639
-628086230
-458763391
1590892268
1700078939
-192472322
517637701
-71023904
-1075078977
-991375598
931439433
-648326124
-544853917
-953034138
-1963872627
-1576665464
-1251012537
1249775866
-402428911
-279759300
-685728661
1843168974
-663363627
224866096
-1557563185
-672952350
-345813543
1538219364
-498038413
1032110134
101202461
2127983832
-1996950953
203484106
-20485983
-671585908
2093356923
-891541858
107863397
-183079040
-2105565985
120702130
-1548297111
-288687436
-1204459901
-523740666
1158670765
-415383768
1067685991
-2004501862
-1399011023
509063388
-53045621
1189280366
-1166311691
1329005520
-1928395537
-578785918
1497911033
1256401924
-639252589
1475979222
-1864254147
71359864
-324009353
-1611039382
57445825
-2126115796
-433907301
1754137150
1486341253
1701702688
1043902719
1153206866
1528866185
158134612
-1336759133
-44717658
-862538547
1411698632
2006921351
2047423546
861910609
-925336708
-1078157141
-776323570
654028309
2124425328
1839046927
1444092706
-561455079
-182629724
-1532160589
-1369874570
92786781
-93415912
-1406000489
1434574602
450839265
375652044
418655163
260353502
-568312923
787658944
1595856159
703668210
-1895170391
1508456436
811991747
-1681798842
55447533
266547304
1248450727
1483767258
-694930575
880645660
-1722107189
1783255470
952003893
-1479893744
-757248721
-1476159294
510460217
1426438468
-315722797
428599062
-675122307
-225993032
377967287
1612845226
1365739521
-419806868
281103835
-1247270530
-2083568955
130864480
356124991
1463256466
-725948471
619171476
-1527289629
1861531878
1862138637
-1784618744
-385118009
-786196614
-729661295
988741820
-2026314517
544945486
780909653
-1428266576
248908111
767157858
540848729
2034530276
1643241971
-1502003530
525969053
-776734888
-1095265577
1732383306
-1756537567
-693054452
1293058043
81818910
1517083109
2049196544
1418874207
1626848050
628842729
-1022315212
2123292419
1574336646
963540525
-1266294360
-930326297
92963098
1332862385
1238678364
182394635
-1204492050
1798019957
1006859856
932173167
